Leaky ReLU:
Fprop: [ 1.5   -0.033  0.4    1.7   -0.041 -0.015]
Bprop: [[  5.    0.1 -10.   -5.    0.    0.1]]
ELU:
Fprop: [ 1.5        -0.96311683  0.4         1.7        -0.98342732 -0.77686984]
Bprop: [[  5.           0.36883167 -10.          -5.           0.           2.2313016 ]]
SELU:
Fprop: [ 1.57605    -1.69329067  0.42028     1.78619    -1.72899929 -1.36584307]
Bprop: [[  5.25350494   0.64844272 -10.50700987  -5.25350494   0.           3.92284987]]
